пЕГСКЭРЮРШ ЮМЮКХГЮ ЮМНЛЮКХИ ЛЕРНДНЛ Z-score
==========================================

яРНКАЕЖ: X
оНПНЦ Z-score: 2.00
бЯЕЦН ГМЮВЕМХИ: 150
йНКХВЕЯРБН ЮМНЛЮКХИ: 10
оПНЖЕМР ЮМНЛЮКХИ: 6.67%

дЕРЮКЭМШЕ ПЕГСКЭРЮРШ:
яРПНЙЮ	гМЮВЕМХЕ	Z-score	юМНЛЮКХЪ
2	0.53	0.5087	мер
3	1.53	1.4980	мер
4	0.06	0.0438	мер
5	-1.42	-1.4203	мер
6	-0.74	-0.7476	мер
7	-0.26	-0.2728	мер
8	-0.0	-0.0156	мер
9	0.84	0.8154	мер
10	-1.63	-1.6281	мер
11	0.06	0.0438	мер
12	-0.99	-0.9949	мер
13	0.49	0.4692	мер
14	0.29	0.2713	мер
15	0.94	0.9143	мер
16	-1.74	-1.7369	мер
17	2.0	1.9630	мер
18	0.79	0.7660	мер
19	0.64	0.6176	мер
20	-0.45	-0.4607	мер
21	-0.67	-0.6784	мер
22	0.3	0.2812	мер
23	-0.59	-0.5992	мер
24	-1.22	-1.2225	мер
25	-0.59	-0.5992	мер
26	0.02	0.0042	мер
27	-1.27	-1.2719	мер
28	2.63	2.5862	дю
29	-1.24	-1.2422	мер
30	-0.02	-0.0353	мер
31	0.66	0.6373	мер
32	0.13	0.1130	мер
33	-0.52	-0.5300	мер
34	-0.51	-0.5201	мер
35	-2.13	-2.1227	дю
36	-0.71	-0.7179	мер
37	1.59	1.5574	мер
38	0.24	0.2219	мер
39	-0.35	-0.3618	мер
40	1.96	1.9234	мер
41	-0.75	-0.7575	мер
42	0.41	0.3900	мер
43	-0.2	-0.2134	мер
44	1.1	1.0726	мер
45	0.51	0.4890	мер
46	0.78	0.7561	мер
47	-0.07	-0.0848	мер
48	-0.66	-0.6685	мер
49	0.8	0.7758	мер
50	0.15	0.1328	мер
51	-0.41	-0.4212	мер
52	-0.09	-0.1046	мер
53	0.13	0.1130	мер
54	0.79	0.7660	мер
55	1.77	1.7354	мер
56	-1.12	-1.1235	мер
57	-0.5	-0.5102	мер
58	0.54	0.5186	мер
59	-0.16	-0.1738	мер
60	-0.79	-0.7971	мер
61	0.91	0.8847	мер
62	-2.06	-2.0534	дю
63	-1.2	-1.2027	мер
64	-0.23	-0.2431	мер
65	-0.8	-0.8070	мер
66	0.41	0.3900	мер
67	1.0	0.9737	мер
68	0.86	0.8352	мер
69	2.07	2.0322	дю
70	-0.82	-0.8268	мер
71	1.75	1.7156	мер
72	-0.71	-0.7179	мер
73	0.47	0.4494	мер
74	-0.94	-0.9455	мер
75	1.5	1.4683	мер
76	0.19	0.1724	мер
77	-1.28	-1.2818	мер
78	1.47	1.4386	мер
79	-0.13	-0.1442	мер
80	0.4	0.3801	мер
81	-0.68	-0.6883	мер
82	-1.16	-1.1631	мер
83	0.37	0.3505	мер
84	0.64	0.6176	мер
85	-0.59	-0.5992	мер
86	1.12	1.0924	мер
87	0.34	0.3208	мер
88	1.94	1.9036	мер
89	-0.33	-0.3420	мер
90	-0.7	-0.7080	мер
91	0.78	0.7561	мер
92	0.5	0.4791	мер
93	0.35	0.3307	мер
94	-2.36	-2.3502	дю
95	0.43	0.4098	мер
96	-0.05	-0.0650	мер
97	0.91	0.8847	мер
98	0.75	0.7264	мер
99	-0.92	-0.9257	мер
100	-1.09	-1.0939	мер
101	-0.68	-0.6883	мер
102	0.03	0.0141	мер
103	-1.43	-1.4302	мер
104	-0.08	-0.0947	мер
105	0.52	0.4989	мер
106	-0.51	-0.5201	мер
107	-0.73	-0.7377	мер
108	0.3	0.2812	мер
109	0.45	0.4296	мер
110	0.71	0.6868	мер
111	-1.13	-1.1334	мер
112	-1.0	-1.0048	мер
113	-0.38	-0.3915	мер
114	-0.6	-0.6091	мер
115	1.37	1.3397	мер
116	-1.9	-1.8952	мер
117	1.12	1.0924	мер
118	0.24	0.2219	мер
119	-2.11	-2.1029	дю
120	-0.0	-0.0156	мер
121	2.56	2.5169	дю
122	-0.08	-0.0947	мер
123	0.2	0.1823	мер
124	-1.67	-1.6676	мер
125	-0.5	-0.5102	мер
126	1.16	1.1320	мер
127	0.88	0.8550	мер
128	0.82	0.7956	мер
129	0.38	0.3604	мер
130	-0.34	-0.3519	мер
131	-0.43	-0.4409	мер
132	0.48	0.4593	мер
133	0.21	0.1922	мер
134	0.24	0.2219	мер
135	0.1	0.0834	мер
136	0.12	0.1031	мер
137	-0.43	-0.4409	мер
138	0.76	0.7363	мер
139	0.88	0.8550	мер
140	-2.14	-2.1326	дю
141	1.27	1.2408	мер
142	0.84	0.8154	мер
143	-0.15	-0.1640	мер
144	-2.41	-2.3997	дю
145	0.99	0.9638	мер
146	-0.37	-0.3816	мер
147	-0.69	-0.6982	мер
148	0.03	0.0141	мер
149	-1.01	-1.0147	мер
150	2.53	2.4873	дю
151	-0.05	-0.0650	мер

--------------------------------------------------

яРНКАЕЖ: Y
оНПНЦ Z-score: 2.00
бЯЕЦН ГМЮВЕМХИ: 150
йНКХВЕЯРБН ЮМНЛЮКХИ: 6
оПНЖЕМР ЮМНЛЮКХИ: 4.00%

дЕРЮКЭМШЕ ПЕГСКЭРЮРШ:
яРПНЙЮ	гМЮВЕМХЕ	Z-score	юМНЛЮКХЪ
2	3.06	-1.0560	мер
3	4.99	-0.0965	мер
4	2.11	-1.5283	мер
5	5.33	0.0725	мер
6	2.3	-1.4339	мер
7	5.59	0.2018	мер
8	5.18	-0.0021	мер
9	6.23	0.5200	мер
10	5.38	0.0974	мер
11	4.18	-0.4992	мер
12	8.39	1.5938	мер
13	2.91	-1.1306	мер
14	5.83	0.3211	мер
15	3.2	-0.9864	мер
16	3.48	-0.8472	мер
17	3.57	-0.8025	мер
18	6.01	0.4106	мер
19	6.52	0.6641	мер
20	5.78	0.2962	мер
21	7.84	1.3204	мер
22	5.62	0.2167	мер
23	2.12	-1.5234	мер
24	6.65	0.7288	мер
25	6.54	0.6741	мер
26	5.62	0.2167	мер
27	5.49	0.1521	мер
28	7.66	1.2309	мер
29	8.23	1.5143	мер
30	7.08	0.9426	мер
31	4.71	-0.2357	мер
32	3.4	-0.8870	мер
33	6.62	0.7139	мер
34	5.11	-0.0369	мер
35	4.38	-0.3998	мер
36	4.21	-0.4843	мер
37	7.64	1.2210	мер
38	4.95	-0.1164	мер
39	5.9	0.3559	мер
40	4.7	-0.2407	мер
41	6.87	0.8381	мер
42	3.9	-0.6384	мер
43	8.0	1.3999	мер
44	8.82	1.8076	мер
45	3.51	-0.8323	мер
46	8.72	1.7579	мер
47	3.59	-0.7925	мер
48	3.47	-0.8522	мер
49	2.24	-1.4637	мер
50	9.69	2.2401	дю
51	2.24	-1.4637	мер
52	4.13	-0.5241	мер
53	2.76	-1.2052	мер
54	2.55	-1.3096	мер
55	4.81	-0.1860	мер
56	4.99	-0.0965	мер
57	9.47	2.1308	дю
58	10.8	2.7920	дю
59	3.49	-0.8423	мер
60	6.73	0.7685	мер
61	5.99	0.4006	мер
62	1.2	-1.9808	мер
63	5.47	0.1421	мер
64	4.37	-0.4048	мер
65	6.59	0.6989	мер
66	5.25	0.0327	мер
67	5.12	-0.0319	мер
68	6.34	0.5747	мер
69	5.48	0.1471	мер
70	-0.26	-2.7066	дю
71	7.33	1.0668	мер
72	5.05	-0.0667	мер
73	5.88	0.3460	мер
74	4.28	-0.4495	мер
75	3.47	-0.8522	мер
76	5.65	0.2316	мер
77	7.18	0.9923	мер
78	6.03	0.4205	мер
79	10.37	2.5782	дю
80	4.39	-0.3948	мер
81	9.07	1.9319	мер
82	4.49	-0.3451	мер
83	5.65	0.2316	мер
84	3.99	-0.5937	мер
85	3.93	-0.6235	мер
86	7.29	1.0470	мер
87	6.7	0.7536	мер
88	2.01	-1.5781	мер
89	5.91	0.3609	мер
90	8.0	1.3999	мер
91	4.57	-0.3053	мер
92	5.14	-0.0219	мер
93	4.8	-0.1910	мер
94	3.14	-1.0163	мер
95	5.02	-0.0816	мер
96	4.29	-0.4445	мер
97	4.94	-0.1214	мер
98	5.85	0.3310	мер
99	3.94	-0.6185	мер
100	1.63	-1.7670	мер
101	7.81	1.3055	мер
102	6.3	0.5548	мер
103	3.78	-0.6981	мер
104	4.09	-0.5440	мер
105	7.33	1.0668	мер
106	3.73	-0.7229	мер
107	8.56	1.6784	мер
108	3.58	-0.7975	мер
109	7.61	1.2060	мер
110	5.28	0.0477	мер
111	6.28	0.5448	мер
112	6.25	0.5299	мер
113	6.29	0.5498	мер
114	4.51	-0.3352	мер
115	6.12	0.4653	мер
116	5.77	0.2913	мер
117	7.83	1.3154	мер
118	-0.79	-2.9701	дю
119	2.0	-1.5830	мер
120	4.14	-0.5191	мер
121	8.61	1.7032	мер
122	4.09	-0.5440	мер
123	2.27	-1.4488	мер
124	6.48	0.6443	мер
125	7.23	1.0171	мер
126	5.61	0.2117	мер
127	4.85	-0.1661	мер
128	4.85	-0.1661	мер
129	5.25	0.0327	мер
130	3.84	-0.6683	мер
131	5.96	0.3857	мер
132	3.2	-0.9864	мер
133	3.43	-0.8721	мер
134	3.58	-0.7975	мер
135	2.15	-1.5085	мер
136	4.8	-0.1910	мер
137	3.74	-0.7180	мер
138	3.08	-1.0461	мер
139	5.37	0.0924	мер
140	2.1	-1.5333	мер
141	4.68	-0.2506	мер
142	3.84	-0.6683	мер
143	2.11	-1.5283	мер
144	3.67	-0.7528	мер
145	6.09	0.4504	мер
146	6.68	0.7437	мер
147	7.6	1.2011	мер
148	7.27	1.0370	мер
149	6.11	0.4603	мер
150	5.86	0.3360	мер
151	5.92	0.3658	мер

--------------------------------------------------

